4294967278,21
4294967278,171
4294967279,172
4294967278,170
4294967278,23
4294967278,22
4294967279,302
4294967278,296
4294967279,170
4294967278,168
4294967279,169
4294967278,25
4294967278,24
4294967278,332
4294967278,166
4294967279,167
4294967278,27
4294967278,26
4294967278,397
4294967278,32
4294967278,31
4294967278,30
4294967278,29
4294967278,28
4294967279,166
4294967278,405
4294967279,473
4294967278,328
4294967279,164
4294967278,39
4294967278,38
4294967278,37
4294967278,36
4294967278,35
4294967278,34
4294967278,33
4294967278,329
4294967278,61
4294967278,60
4294967278,59
4294967278,58
4294967278,57
4294967278,56
4294967278,55
4294967278,54
4294967278,53
4294967278,52
4294967278,51
4294967278,50
4294967278,49
4294967278,48
4294967278,47
4294967278,46
4294967278,45
4294967278,323
4294967278,44
4294967278,43
4294967278,429
4294967278,42
4294967278,41
4294967278,40
4294967278,260
4294967279,85
4294967279,84
4294967279,82
4294967279,81
4294967279,79
4294967279,78
4294967279,77
4294967279,75
4294967279,74
4294967279,73
4294967279,72
4294967279,71
4294967279,67
4294967279,65
4294967279,64
4294967279,63
4294967279,163
4294967278,161
4294967278,160
4294967279,161
4294967279,160
4294967279,456
4294967294,392
4294967294,441
4294967294,389
4294967294,114
4294967294,115
4294967294,120
4294967278,439
4294967279,463
4294967278,438
4294967279,156
266,6
4294967279,397
4294967278,437
4294967279,153
4294967279,505
4294967279,152
4294967294,409
4294967294,397
4294967294,130
4294967294,400
4294967294,178
4294967294,386
4294967294,421
4294967294,416
4294967294,153
4294967294,157
4294967294,167
4294967294,398
4294967294,406
4294967294,455
4294967294,466
4294967294,457
4294967294,184
4294967294,459
4294967294,415
4294967294,89
4294967294,1418
4294967294,182
4294967294,402
4294967294,185
4294967294,1074
4294967279,151
4294967279,150
4294967279,148
266,5
4294967279,147
266,4
266,3
266,2
266,1
4294967279,146
4294967279,144
4294967279,143
4294967279,494
0,7
4294967294,154
4294967279,142
4294967279,499
4294967294,2
4294967294,1083
4294967294,1067
4294967294,29
4294967294,128
4294967294,186
4294967294,426
4294967294,28
4294967294,0
4294967294,107
4294967294,91
4294967294,90
4294967294,87
4294967294,86
4294967294,85
4294967294,84
4294967294,419
4294967294,158
4294967294,155
4294967294,129
4294967294,53
4294967294,393
4294967294,45
4294967294,1421
4294967294,44
4294967294,40
4294967294,38
4294967294,37
4294967294,96
4294967294,94
4294967278,436
4294967294,9
4294967294,8
4294967279,487
4294967279,139
4294967279,137
4294967279,62
4294967279,277
4294967279,135
4294967279,61
4294967279,60
4294967279,59
4294967279,58
4294967279,133
4294967279,492
4294967279,290
4294967279,274
4294967279,273
4294967279,56
4294967279,55
4294967279,272
4294967279,271
4294967279,496
4294967279,484
4294967279,287
4294967279,267
4294967279,266
4294967279,52
4294967279,51
4294967279,430
4294967279,264
4294967279,285
4294967279,427
4294967279,284
4294967279,259
4294967279,258
4294967279,46
4294967279,45
4294967279,43
4294967279,42
4294967279,40
4294967278,414
4294967278,239
4294967278,348
4294967278,347
4294967294,1422
4294967278,389
4294967278,344
4294967278,255
4294967279,39
4294967279,37
4294967279,36
4294967279,33
4294967279,32
4294967279,31
4294967279,30
4294967279,29
4294967279,28
4294967279,27
4294967279,26
4294967278,254
4294967278,368
4294967278,252
4294967279,504
4294967278,251
4294967278,248
4294967278,409
4294967278,0
4294967278,244
4294967279,503
4294967278,243
4294967278,240
4294967278,388
4294967278,237
4294967278,401
4294967279,23
4294967279,21
4294967279,20
4294967279,19
4294967279,18
4294967279,16
4294967279,15
4294967279,10
4294967279,9
4294967278,233
4294967278,230
4294967278,228
4294967294,5
4294967278,226
4294967294,42
4294967294,99
4294967294,76
4294967294,36
4294967294,39
4294967278,224
4294967278,222
4294967294,43
4294967294,418
4294967294,52
4294967294,50
4294967294,12
4294967294,92
4294967294,88
4294967294,1162
4294967294,1419
4294967294,81
4294967278,420
4294967294,7
4294967278,132
4294967278,131
4294967278,130
4294967278,129
4294967278,128
4294967278,127
4294967278,126
4294967278,125
4294967278,124
4294967278,123
4294967278,122
4294967278,121
4294967278,120
4294967278,119
4294967278,118
4294967278,117
4294967278,116
4294967278,115
4294967278,114
4294967278,113
4294967278,112
4294967278,111
4294967278,110
4294967278,109
4294967278,108
4294967278,107
4294967278,106
4294967278,105
4294967278,102
4294967278,101
4294967278,100
4294967278,99
4294967278,98
4294967278,97
4294967278,96
4294967278,95
4294967278,94
4294967278,93
4294967278,91
4294967278,90
4294967278,89
4294967278,87
4294967278,86
4294967278,85
4294967278,84
4294967278,83
4294967278,82
4294967278,81
4294967278,80
4294967278,79
4294967278,78
4294967278,76
